structure(list(region = c(2010, 2013, 2016, 2020, 2050, 2060, 
2068, 2070, 2090, 2100, 2105, 2110, 2122, 2130, 2150, 2164, 2170, 
2180, 2185, 2188, 2195, 2198, 2201, 2220, 2230, 2231, 2232, 2240, 
2261, 2270, 2275, 2280, 2282, 2290, 2901, 2903, 2904, 2905, 2907, 
2908, 2910, 2912, 2916, 2919, 2920, 2921, 2922, 2923, 2924, 2925, 
2926, 2928, 2929, 1001, 1003, 1005, 1007, 1009, 1011, 1013, 1015, 
1017, 1019, 1021, 1023, 1025, 1027, 1029, 1031, 1033, 1035, 1037, 
1039, 1041, 1043, 1045, 1047, 1049, 1051, 1053, 1055, 1057, 1059, 
1061, 1063, 1065, 1067, 1069, 1071, 1073, 1075, 1077, 1079, 1081, 
1083, 1085, 1087, 1089, 1091, 1093, 1095, 1097, 1099, 1101, 1103, 
1105, 1107, 1109, 1111, 1113, 1115, 1117, 1119, 1121, 1123, 1125, 
1127, 1129, 1131, 1133, 5001, 5003, 5005, 5007, 5009, 5011, 5013, 
5015, 5017, 5019, 5021, 5023, 5025, 5027, 5029, 5031, 5033, 5035, 
5037, 5039, 5041, 5043, 5045, 5047, 5049, 5051, 5053, 5055, 5057, 
5059, 5061, 5063, 5065, 5067, 5069, 5071, 5073, 5075, 5077, 5079, 
5081, 5083, 5085, 5087, 5089, 5091, 5093, 5095, 5097, 5099, 5101, 
5103, 5105, 5107, 5109, 5111, 5113, 5115, 5117, 5119, 5121, 5123, 
5125, 5127, 5129, 5131, 5133, 5135, 5137, 5139, 5141, 5143, 5145, 
5147, 5149, 4001, 4003, 4005, 4007, 4009, 4011, 4012, 4013, 4015, 
4017, 4019, 4021, 4023, 4025, 4027, 6001, 6003, 6005, 6007, 6009, 
6011, 6013, 6015, 6017, 6019, 6021, 6023, 6025, 6027, 6029, 6031, 
6033, 6035, 6037, 6039, 6041, 6043, 6045, 6047, 6049, 6051, 6053, 
6055, 6057, 6059, 6061, 6063, 6065, 6067, 6069, 6071, 6073, 6075, 
6077, 6079, 6081, 6083, 6085, 6087, 6089, 6091, 6093, 6095, 6097, 
6099, 6101, 6103, 6105, 6107, 6109, 6111, 6113, 6115, 8001, 8003, 
8005, 8007, 8009, 8011, 8013, 8014, 8015, 8017, 8019, 8021, 8023, 
8025, 8027, 8029, 8031, 8033, 8035, 8037, 8039, 8041, 8043, 8045, 
8047, 8049, 8051, 8053, 8055, 8057, 8059, 8061, 8063, 8065, 8067, 
8069, 8071, 8073, 8075, 8077, 8079, 8081, 8083, 8085, 8087, 8089, 
8091, 8093, 8095, 8097, 8099, 8101, 8103, 8105, 8107, 8109, 8111, 
8113, 8115, 8117, 8119, 8121, 8123, 8125, 9001, 9003, 9005, 9007, 
9009, 9011, 9013, 9015, 11001, 10001, 10003, 10005, 12001, 12003, 
12005, 12007, 12009, 12011, 12013, 12015, 12017, 12019, 12021, 
12023, 12027, 12029, 12031, 12033, 12035, 12037, 12039, 12041, 
12043, 12045, 12047, 12049, 12051, 12053, 12055, 12057, 12059, 
12061, 12063, 12065, 12067, 12069, 12071, 12073, 12075, 12077, 
12079, 12081, 12083, 12085, 12086, 12087, 12089, 12091, 12093, 
12095, 12097, 12099, 12101, 12103, 12105, 12107, 12109, 12111, 
12113, 12115, 12117, 12119, 12121, 12123, 12125, 12127, 12129, 
12131, 12133, 13001, 13003, 13005, 13007, 13009, 13011, 13013, 
13015, 13017, 13019, 13021, 13023, 13025, 13027, 13029, 13031, 
13033, 13035, 13037, 13039, 13043, 13045, 13047, 13049, 13051, 
13053, 13055, 13057, 13059, 13061, 13063, 13065, 13067, 13069, 
13071, 13073, 13075, 13077, 13079, 13081, 13083, 13085, 13087, 
13089, 13091, 13093, 13095, 13097, 13099, 13101, 13103, 13105, 
13107, 13109, 13111, 13113, 13115, 13117, 13119, 13121, 13123, 
13125, 13127, 13129, 13131, 13133, 13135, 13137, 13139, 13141, 
13143, 13145, 13147, 13149, 13151, 13153, 13155, 13157, 13159, 
13161, 13163, 13165, 13167, 13169, 13171, 13173, 13175, 13177, 
13179, 13181, 13183, 13185, 13187, 13189, 13191, 13193, 13195, 
13197, 13199, 13201, 13205, 13207, 13209, 13211, 13213, 13215, 
13217, 13219, 13221, 13223, 13225, 13227, 13229, 13231, 13233, 
13235, 13237, 13239, 13241, 13243, 13245, 13247, 13249, 13251, 
13253, 13255, 13257, 13259, 13261, 13263, 13265, 13267, 13269, 
13271, 13273, 13275, 13277, 13279, 13281, 13283, 13285, 13287, 
13289, 13291, 13293, 13295, 13297, 13299, 13301, 13303, 13305, 
13307, 13309, 13311, 13313, 13315, 13317, 13319, 13321, 15001, 
15003, 15007, 15901, 19001, 19003, 19005, 19007, 19009, 19011, 
19013, 19015, 19017, 19019, 19021, 19023, 19025, 19027, 19029, 
19031, 19033, 19035, 19037, 19039, 19041, 19043, 19045, 19047, 
19049, 19051, 19053, 19055, 19057, 19059, 19061, 19063, 19065, 
19067, 19069, 19071, 19073, 19075, 19077, 19079, 19081, 19083, 
19085, 19087, 19089, 19091, 19093, 19095, 19097, 19099, 19101, 
19103, 19105, 19107, 19109, 19111, 19113, 19115, 19117, 19119, 
19121, 19123, 19125, 19127, 19129, 19131, 19133, 19135, 19137, 
19139, 19141, 19143, 19145, 19147, 19149, 19151, 19153, 19155, 
19157, 19159, 19161, 19163, 19165, 19167, 19169, 19171, 19173, 
19175, 19177, 19179, 19181, 19183, 19185, 19187, 19189, 19191, 
19193, 19195, 19197, 16001, 16003, 16005, 16007, 16009, 16011, 
16013, 16015, 16017, 16019, 16021, 16023, 16025, 16027, 16029, 
16031, 16033, 16035, 16037, 16039, 16041, 16043, 16045, 16047, 
16049, 16051, 16053, 16055, 16057, 16059, 16061, 16063, 16065, 
16067, 16069, 16071, 16073, 16075, 16077, 16079, 16081, 16083, 
16085, 16087, 17001, 17003, 17005, 17007, 17009, 17011, 17013, 
17015, 17017, 17019, 17021, 17023, 17025, 17027, 17029, 17031, 
17033, 17035, 17037, 17039, 17041, 17043, 17045, 17047, 17049, 
17051, 17053, 17055, 17057, 17059, 17061, 17063, 17065, 17067, 
17069, 17071, 17073, 17075, 17077, 17079, 17081, 17083, 17085, 
17087, 17089, 17091, 17093, 17095, 17097, 17099, 17101, 17103, 
17105, 17107, 17109, 17111, 17113, 17115, 17117, 17119, 17121, 
17123, 17125, 17127, 17129, 17131, 17133, 17135, 17137, 17139, 
17141, 17143, 17145, 17147, 17149, 17151, 17153, 17155, 17157, 
17159, 17161, 17163, 17165, 17167, 17169, 17171, 17173, 17175, 
17177, 17179, 17181, 17183, 17185, 17187, 17189, 17191, 17193, 
17195, 17197, 17199, 17201, 17203, 18001, 18003, 18005, 18007, 
18009, 18011, 18013, 18015, 18017, 18019, 18021, 18023, 18025, 
18027, 18029, 18031, 18033, 18035, 18037, 18039, 18041, 18043, 
18045, 18047, 18049, 18051, 18053, 18055, 18057, 18059, 18061, 
18063, 18065, 18067, 18069, 18071, 18073, 18075, 18077, 18079, 
18081, 18083, 18085, 18087, 18089, 18091, 18093, 18095, 18097, 
18099, 18101, 18103, 18105, 18107, 18109, 18111, 18113, 18115, 
18117, 18119, 18121, 18123, 18125, 18127, 18129, 18131, 18133, 
18135, 18137, 18139, 18141, 18143, 18145, 18147, 18149, 18151, 
18153, 18155, 18157, 18159, 18161, 18163, 18165, 18167, 18169, 
18171, 18173, 18175, 18177, 18179, 18181, 18183, 20001, 20003, 
20005, 20007, 20009, 20011, 20013, 20015, 20017, 20019, 20021, 
20023, 20025, 20027, 20029, 20031, 20033, 20035, 20037, 20039, 
20041, 20043, 20045, 20047, 20049, 20051, 20053, 20055, 20057, 
20059, 20061, 20063, 20065, 20067, 20069, 20071, 20073, 20075, 
20077, 20079, 20081, 20083, 20085, 20087, 20089, 20091, 20093, 
20095, 20097, 20099, 20101, 20103, 20105, 20107, 20109, 20111, 
20113, 20115, 20117, 20119, 20121, 20123, 20125, 20127, 20129, 
20131, 20133, 20135, 20137, 20139, 20141, 20143, 20145, 20147, 
20149, 20151, 20153, 20155, 20157, 20159, 20161, 20163, 20165, 
20167, 20169, 20171, 20173, 20175, 20177, 20179, 20181, 20183, 
20185, 20187, 20189, 20191, 20193, 20195, 20197, 20199, 20201, 
20203, 20205, 20207, 20209, 21001, 21003, 21005, 21007, 21009, 
21011, 21013, 21015, 21017, 21019, 21021, 21023, 21025, 21027, 
21029, 21031, 21033, 21035, 21037, 21039, 21041, 21043, 21045, 
21047, 21049, 21051, 21053, 21055, 21057, 21059, 21061, 21063, 
21065, 21067, 21069, 21071, 21073, 21075, 21077, 21079, 21081, 
21083, 21085, 21087, 21089, 21091, 21093, 21095, 21097, 21099, 
21101, 21103, 21105, 21107, 21109, 21111, 21113, 21115, 21117, 
21119, 21121, 21123, 21125, 21127, 21129, 21131, 21133, 21135, 
21137, 21139, 21141, 21143, 21145, 21147, 21149, 21151, 21153, 
21155, 21157, 21159, 21161, 21163, 21165, 21167, 21169, 21171, 
21173, 21175, 21177, 21179, 21181, 21183, 21185, 21187, 21189, 
21191, 21193, 21195, 21197, 21199, 21201, 21203, 21205, 21207, 
21209, 21211, 21213, 21215, 21217, 21219, 21221, 21223, 21225, 
21227, 21229, 21231, 21233, 21235, 21237, 21239, 22001, 22003, 
22005, 22007, 22009, 22011, 22013, 22015, 22017, 22019, 22021, 
22023, 22025, 22027, 22029, 22031, 22033, 22035, 22037, 22039, 
22041, 22043, 22045, 22047, 22049, 22051, 22053, 22055, 22057, 
22059, 22061, 22063, 22065, 22067, 22069, 22071, 22073, 22075, 
22077, 22079, 22081, 22083, 22085, 22087, 22089, 22091, 22093, 
22095, 22097, 22099, 22101, 22103, 22105, 22107, 22109, 22111, 
22113, 22115, 22117, 22119, 22121, 22123, 22125, 22127, 25001, 
25003, 25005, 25007, 25009, 25011, 25013, 25015, 25017, 25019, 
25021, 25023, 25025, 25027, 24001, 24003, 24005, 24009, 24011, 
24013, 24015, 24017, 24019, 24021, 24023, 24025, 24027, 24029, 
24031, 24033, 24035, 24037, 24039, 24041, 24043, 24045, 24047, 
24510, 23001, 23003, 23005, 23007, 23009, 23011, 23013, 23015, 
23017, 23019, 23021, 23023, 23025, 23027, 23029, 23031, 26001, 
26003, 26005, 26007, 26009, 26011, 26013, 26015, 26017, 26019, 
26021, 26023, 26025, 26027, 26029, 26031, 26033, 26035, 26037, 
26039, 26041, 26043, 26045, 26047, 26049, 26051, 26053, 26055, 
26057, 26059, 26061, 26063, 26065, 26067, 26069, 26071, 26073, 
26075, 26077, 26079, 26081, 26083, 26085, 26087, 26089, 26091, 
26093, 26095, 26097, 26099, 26101, 26103, 26105, 26107, 26109, 
26111, 26113, 26115, 26117, 26119, 26121, 26123, 26125, 26127, 
26129, 26131, 26133, 26135, 26137, 26139, 26141, 26143, 26145, 
26147, 26149, 26151, 26153, 26155, 26157, 26159, 26161, 26163, 
26165, 27001, 27003, 27005, 27007, 27009, 27011, 27013, 27015, 
27017, 27019, 27021, 27023, 27025, 27027, 27029, 27031, 27033, 
27035, 27037, 27039, 27041, 27043, 27045, 27047, 27049, 27051, 
27053, 27055, 27057, 27059, 27061, 27063, 27065, 27067, 27069, 
27071, 27073, 27075, 27077, 27079, 27081, 27083, 27085, 27087, 
27089, 27091, 27093, 27095, 27097, 27099, 27101, 27103, 27105, 
27107, 27109, 27111, 27113, 27115, 27117, 27119, 27121, 27123, 
27125, 27127, 27129, 27131, 27133, 27135, 27137, 27139, 27141, 
27143, 27145, 27147, 27149, 27151, 27153, 27155, 27157, 27159, 
27161, 27163, 27165, 27167, 27169, 27171, 27173, 29001, 29003, 
29005, 29007, 29009, 29011, 29013, 29015, 29017, 29019, 29021, 
29023, 29025, 29027, 29029, 29031, 29033, 29035, 29037, 29039, 
29041, 29043, 29045, 29047, 29049, 29051, 29053, 29055, 29057, 
29059, 29061, 29063, 29065, 29067, 29069, 29071, 29073, 29075, 
29077, 29079, 29081, 29083, 29085, 29087, 29089, 29091, 29093, 
29095, 29097, 29099, 29101, 29103, 29105, 29107, 29109, 29111, 
29113, 29115, 29117, 29119, 29121, 29123, 29125, 29127, 29129, 
29131, 29133, 29135, 29137, 29139, 29141, 29143, 29145, 29147, 
29149, 29151, 29153, 29155, 29157, 29159, 29161, 29163, 29165, 
29167, 29169, 29171, 29173, 29175, 29177, 29179, 29181, 29183, 
29185, 29186, 29187, 29189, 29195, 29197, 29199, 29201, 29203, 
29205, 29207, 29209, 29211, 29213, 29215, 29217, 29219, 29221, 
29223, 29225, 29227, 29229, 29510, 28001, 28003, 28005, 28007, 
28009, 28011, 28013, 28015, 28017, 28019, 28021, 28023, 28025, 
28027, 28029, 28031, 28033, 28035, 28037, 28039, 28041, 28043, 
28045, 28047, 28049, 28051, 28053, 28055, 28057, 28059, 28061, 
28063, 28065, 28067, 28069, 28071, 28073, 28075, 28077, 28079, 
28081, 28083, 28085, 28087, 28089, 28091, 28093, 28095, 28097, 
28099, 28101, 28103, 28105, 28107, 28109, 28111, 28113, 28115, 
28117, 28119, 28121, 28123, 28125, 28127, 28129, 28131, 28133, 
28135, 28137, 28139, 28141, 28143, 28145, 28147, 28149, 28151, 
28153, 28155, 28157, 28159, 28161, 28163, 30001, 30003, 30005, 
30007, 30009, 30011, 30013, 30015, 30017, 30019, 30021, 30023, 
30025, 30027, 30029, 30031, 30033, 30035, 30037, 30039, 30041, 
30043, 30045, 30047, 30049, 30051, 30053, 30055, 30057, 30059, 
30061, 30063, 30065, 30067, 30069, 30071, 30073, 30075, 30077, 
30079, 30081, 30083, 30085, 30087, 30089, 30091, 30093, 30095, 
30097, 30099, 30101, 30103, 30105, 30107, 30109, 30111, 37001, 
37003, 37005, 37007, 37009, 37011, 37013, 37015, 37017, 37019, 
37021, 37023, 37025, 37027, 37029, 37031, 37033, 37035, 37037, 
37039, 37041, 37043, 37045, 37047, 37049, 37051, 37053, 37055, 
37057, 37059, 37061, 37063, 37065, 37067, 37069, 37071, 37073, 
37075, 37077, 37079, 37081, 37083, 37085, 37087, 37089, 37091, 
37093, 37095, 37097, 37099, 37101, 37103, 37105, 37107, 37109, 
37111, 37113, 37115, 37117, 37119, 37121, 37123, 37125, 37127, 
37129, 37131, 37133, 37135, 37137, 37139, 37141, 37143, 37145, 
37147, 37149, 37151, 37153, 37155, 37157, 37159, 37161, 37163, 
37165, 37167, 37169, 37171, 37173, 37175, 37177, 37179, 37181, 
37183, 37185, 37187, 37189, 37191, 37193, 37195, 37197, 37199, 
38001, 38003, 38005, 38007, 38009, 38011, 38013, 38015, 38017, 
38019, 38021, 38023, 38025, 38027, 38029, 38031, 38033, 38035, 
38037, 38039, 38041, 38043, 38045, 38047, 38049, 38051, 38053, 
38055, 38057, 38059, 38061, 38063, 38065, 38067, 38069, 38071, 
38073, 38075, 38077, 38079, 38081, 38083, 38085, 38087, 38089, 
38091, 38093, 38095, 38097, 38099, 38101, 38103, 38105, 31001, 
31003, 31005, 31007, 31009, 31011, 31013, 31015, 31017, 31019, 
31021, 31023, 31025, 31027, 31029, 31031, 31033, 31035, 31037, 
31039, 31041, 31043, 31045, 31047, 31049, 31051, 31053, 31055, 
31057, 31059, 31061, 31063, 31065, 31067, 31069, 31071, 31073, 
31075, 31077, 31079, 31081, 31083, 31085, 31087, 31089, 31091, 
31093, 31095, 31097, 31099, 31101, 31103, 31105, 31107, 31109, 
31111, 31113, 31115, 31117, 31119, 31121, 31123, 31125, 31127, 
31129, 31131, 31133, 31135, 31137, 31139, 31141, 31143, 31145, 
31147, 31149, 31151, 31153, 31155, 31157, 31159, 31161, 31163, 
31165, 31167, 31169, 31171, 31173, 31175, 31177, 31179, 31181, 
31183, 31185, 33001, 33003, 33005, 33007, 33009, 33011, 33013, 
33015, 33017, 33019, 34001, 34003, 34005, 34007, 34009, 34011, 
34013, 34015, 34017, 34019, 34021, 34023, 34025, 34027, 34029, 
34031, 34033, 34035, 34037, 34039, 34041, 35001, 35003, 35005, 
35006, 35007, 35009, 35011, 35013, 35015, 35017, 35019, 35021, 
35023, 35025, 35027, 35028, 35029, 35031, 35033, 35035, 35037, 
35039, 35041, 35043, 35045, 35047, 35049, 35051, 35053, 35055, 
35057, 35059, 35061, 32001, 32003, 32005, 32007, 32009, 32011, 
32013, 32015, 32017, 32019, 32021, 32023, 32027, 32029, 32031, 
32033, 32510, 36001, 36003, 36005, 36007, 36009, 36011, 36013, 
36015, 36017, 36019, 36021, 36023, 36025, 36027, 36029, 36031, 
36033, 36035, 36037, 36039, 36041, 36043, 36045, 36047, 36049, 
36051, 36053, 36055, 36057, 36059, 36061, 36063, 36065, 36067, 
36069, 36071, 36073, 36075, 36077, 36079, 36081, 36083, 36085, 
36087, 36089, 36091, 36093, 36095, 36097, 36099, 36101, 36103, 
36105, 36107, 36109, 36111, 36113, 36115, 36117, 36119, 36121, 
36123, 39001, 39003, 39005, 39007, 39009, 39011, 39013, 39015, 
39017, 39019, 39021, 39023, 39025, 39027, 39029, 39031, 39033, 
39035, 39037, 39039, 39041, 39043, 39045, 39047, 39049, 39051, 
39053, 39055, 39057, 39059, 39061, 39063, 39065, 39067, 39069, 
39071, 39073, 39075, 39077, 39079, 39081, 39083, 39085, 39087, 
39089, 39091, 39093, 39095, 39097, 39099, 39101, 39103, 39105, 
39107, 39109, 39111, 39113, 39115, 39117, 39119, 39121, 39123, 
39125, 39127, 39129, 39131, 39133, 39135, 39137, 39139, 39141, 
39143, 39145, 39147, 39149, 39151, 39153, 39155, 39157, 39159, 
39161, 39163, 39165, 39167, 39169, 39171, 39173, 39175, 40001, 
40003, 40005, 40007, 40009, 40011, 40013, 40015, 40017, 40019, 
40021, 40023, 40025, 40027, 40029, 40031, 40033, 40035, 40037, 
40039, 40041, 40043, 40045, 40047, 40049, 40051, 40053, 40055, 
40057, 40059, 40061, 40063, 40065, 40067, 40069, 40071, 40073, 
40075, 40077, 40079, 40081, 40083, 40085, 40087, 40089, 40091, 
40093, 40095, 40097, 40099, 40101, 40103, 40105, 40107, 40109, 
40111, 40113, 40115, 40117, 40119, 40121, 40123, 40125, 40127, 
40129, 40131, 40133, 40135, 40137, 40139, 40141, 40143, 40145, 
40147, 40149, 40151, 40153, 41001, 41003, 41005, 41007, 41009, 
41011, 41013, 41015, 41017, 41019, 41021, 41023, 41025, 41027, 
41029, 41031, 41033, 41035, 41037, 41039, 41041, 41043, 41045, 
41047, 41049, 41051, 41053, 41055, 41057, 41059, 41061, 41063, 
41065, 41067, 41069, 41071, 42001, 42003, 42005, 42007, 42009, 
42011, 42013, 42015, 42017, 42019, 42021, 42023, 42025, 42027, 
42029, 42031, 42033, 42035, 42037, 42039, 42041, 42043, 42045, 
42047, 42049, 42051, 42053, 42055, 42057, 42059, 42061, 42063, 
42065, 42067, 42069, 42071, 42073, 42075, 42077, 42079, 42081, 
42083, 42085, 42087, 42089, 42091, 42093, 42095, 42097, 42099, 
42101, 42103, 42105, 42107, 42109, 42111, 42113, 42115, 42117, 
42119, 42121, 42123, 42125, 42127, 42129, 42131, 42133, 44001, 
44003, 44005, 44007, 44009, 45001, 45003, 45005, 45007, 45009, 
45011, 45013, 45015, 45017, 45019, 45021, 45023, 45025, 45027, 
45029, 45031, 45033, 45035, 45037, 45039, 45041, 45043, 45045, 
45047, 45049, 45051, 45053, 45055, 45057, 45059, 45061, 45063, 
45065, 45067, 45069, 45071, 45073, 45075, 45077, 45079, 45081, 
45083, 45085, 45087, 45089, 45091, 46003, 46005, 46007, 46009, 
46011, 46013, 46015, 46017, 46019, 46021, 46023, 46025, 46027, 
46029, 46031, 46033, 46035, 46037, 46039, 46041, 46043, 46045, 
46047, 46049, 46051, 46053, 46055, 46057, 46059, 46061, 46063, 
46065, 46067, 46069, 46071, 46073, 46075, 46077, 46079, 46081, 
46083, 46085, 46087, 46089, 46091, 46093, 46095, 46097, 46099, 
46101, 46103, 46105, 46107, 46109, 46111, 46113, 46115, 46117, 
46119, 46121, 46123, 46125, 46127, 46129, 46135, 46137, 47001, 
47003, 47005, 47007, 47009, 47011, 47013, 47015, 47017, 47019, 
47021, 47023, 47025, 47027, 47029, 47031, 47033, 47035, 47037, 
47039, 47041, 47043, 47045, 47047, 47049, 47051, 47053, 47055, 
47057, 47059, 47061, 47063, 47065, 47067, 47069, 47071, 47073, 
47075, 47077, 47079, 47081, 47083, 47085, 47087, 47089, 47091, 
47093, 47095, 47097, 47099, 47101, 47103, 47105, 47107, 47109, 
47111, 47113, 47115, 47117, 47119, 47121, 47123, 47125, 47127, 
47129, 47131, 47133, 47135, 47137, 47139, 47141, 47143, 47145, 
47147, 47149, 47151, 47153, 47155, 47157, 47159, 47161, 47163, 
47165, 47167, 47169, 47171, 47173, 47175, 47177, 47179, 47181, 
47183, 47185, 47187, 47189, 48001, 48003, 48005, 48007, 48009, 
48011, 48013, 48015, 48017, 48019, 48021, 48023, 48025, 48027, 
48029, 48031, 48033, 48035, 48037, 48039, 48041, 48043, 48045, 
48047, 48049, 48051, 48053, 48055, 48057, 48059, 48061, 48063, 
48065, 48067, 48069, 48071, 48073, 48075, 48077, 48079, 48081, 
48083, 48085, 48087, 48089, 48091, 48093, 48095, 48097, 48099, 
48101, 48103, 48105, 48107, 48109, 48111, 48113, 48115, 48117, 
48119, 48121, 48123, 48125, 48127, 48129, 48131, 48133, 48135, 
48137, 48139, 48141, 48143, 48145, 48147, 48149, 48151, 48153, 
48155, 48157, 48159, 48161, 48163, 48165, 48167, 48169, 48171, 
48173, 48175, 48177, 48179, 48181, 48183, 48185, 48187, 48189, 
48191, 48193, 48195, 48197, 48199, 48201, 48203, 48205, 48207, 
48209, 48211, 48213, 48215, 48217, 48219, 48221, 48223, 48225, 
48227, 48229, 48231, 48233, 48235, 48237, 48239, 48241, 48243, 
48245, 48247, 48249, 48251, 48253, 48255, 48257, 48259, 48261, 
48263, 48265, 48267, 48269, 48271, 48273, 48275, 48277, 48279, 
48281, 48283, 48285, 48287, 48289, 48291, 48293, 48295, 48297, 
48299, 48301, 48303, 48305, 48307, 48309, 48311, 48313, 48315, 
48317, 48319, 48321, 48323, 48325, 48327, 48329, 48331, 48333, 
48335, 48337, 48339, 48341, 48343, 48345, 48347, 48349, 48351, 
48353, 48355, 48357, 48359, 48361, 48363, 48365, 48367, 48369, 
48371, 48373, 48375, 48377, 48379, 48381, 48383, 48385, 48387, 
48389, 48391, 48393, 48395, 48397, 48399, 48401, 48403, 48405, 
48407, 48409, 48411, 48413, 48415, 48417, 48419, 48421, 48423, 
48425, 48427, 48429, 48431, 48433, 48435, 48437, 48439, 48441, 
48443, 48445, 48447, 48449, 48451, 48453, 48455, 48457, 48459, 
48461, 48463, 48465, 48467, 48469, 48471, 48473, 48475, 48477, 
48479, 48481, 48483, 48485, 48487, 48489, 48491, 48493, 48495, 
48497, 48499, 48501, 48503, 48505, 48507, 49001, 49003, 49005, 
49007, 49009, 49011, 49013, 49015, 49017, 49019, 49021, 49023, 
49025, 49027, 49029, 49031, 49033, 49035, 49037, 49039, 49041, 
49043, 49045, 49047, 49049, 49051, 49053, 49055, 49057, 51001, 
51007, 51009, 51011, 51013, 51017, 51021, 51023, 51025, 51027, 
51029, 51033, 51036, 51037, 51041, 51043, 51045, 51047, 51049, 
51051, 51057, 51061, 51063, 51065, 51067, 51071, 51073, 51075, 
51077, 51079, 51083, 51085, 51087, 51091, 51093, 51097, 51099, 
51101, 51103, 51105, 51107, 51109, 51111, 51113, 51115, 51117, 
51119, 51125, 51127, 51131, 51133, 51135, 51137, 51139, 51141, 
51145, 51147, 51155, 51157, 51159, 51167, 51169, 51171, 51173, 
51179, 51181, 51183, 51185, 51187, 51193, 51197, 51510, 51550, 
51650, 51700, 51710, 51740, 51760, 51770, 51800, 51810, 51901, 
51903, 51907, 51909, 51911, 51913, 51918, 51919, 51921, 51923, 
51929, 51931, 51933, 51939, 51941, 51942, 51944, 51945, 51947, 
51949, 51951, 51953, 51955, 51958, 50001, 50003, 50005, 50007, 
50009, 50011, 50013, 50015, 50017, 50019, 50021, 50023, 50025, 
50027, 53001, 53003, 53005, 53007, 53009, 53011, 53013, 53015, 
53017, 53019, 53021, 53023, 53025, 53027, 53029, 53031, 53033, 
53035, 53037, 53039, 53041, 53043, 53045, 53047, 53049, 53051, 
53053, 53055, 53057, 53059, 53061, 53063, 53065, 53067, 53069, 
53071, 53073, 53075, 53077, 55001, 55003, 55005, 55007, 55009, 
55011, 55013, 55015, 55017, 55019, 55021, 55023, 55025, 55027, 
55029, 55031, 55033, 55035, 55037, 55039, 55041, 55043, 55045, 
55047, 55049, 55051, 55053, 55055, 55057, 55059, 55061, 55063, 
55065, 55067, 55069, 55071, 55073, 55075, 55077, 55078, 55079, 
55081, 55083, 55085, 55087, 55089, 55091, 55093, 55095, 55097, 
55099, 55101, 55103, 55105, 55107, 55109, 55111, 55113, 55115, 
55117, 55119, 55121, 55123, 55125, 55127, 55129, 55131, 55133, 
55135, 55137, 55139, 55141, 55901, 54001, 54003, 54005, 54007, 
54009, 54011, 54013, 54015, 54017, 54019, 54021, 54023, 54025, 
54027, 54029, 54031, 54033, 54035, 54037, 54039, 54041, 54043, 
54045, 54047, 54049, 54051, 54053, 54055, 54057, 54059, 54061, 
54063, 54065, 54067, 54069, 54071, 54073, 54075, 54077, 54079, 
54081, 54083, 54085, 54087, 54089, 54091, 54093, 54095, 54097, 
54099, 54101, 54103, 54105, 54107, 54109, 56001, 56003, 56005, 
56007, 56009, 56011, 56013, 56015, 56017, 56019, 56021, 56023, 
56025, 56027, 56029, 56031, 56033, 56035, 56037, 56039, 56041, 
56043, 56045), value = c(NA, -15344, -83600, -1944164, 4015, 
-40389, -31601, -5560, -402554, 16084, 11195, -28984, 279353, 
-5424, -57057, -1487, 1820180, -1572, -1196739, -52099, -692, 
599, NA, -28155, 1092, NA, NA, 5344, -31598, -6567, -107, NA, 
2168, -31169, NA, NA, NA, NA, NA, NA, NA, NA, NA, NA, NA, NA, 
NA, NA, NA, NA, NA, NA, NA, 677349, 1573837, -15009, 97834, 586812, 
9615, 43088, -151467, 190497, 142698, 409579, -6336, 17208, 37845, 
146026, 441802, -191822, 22337, 72012, 51366, 65586, 280262, 
-691152, -27339, 135426, 994597, -15220, 301855, 74066, 57421, 
213160, 33951, 84005, 117957, 7081, 204071, -5133742, 44421, 
430270, 265757, 417641, 665444, 41381, 66141, -2476197, 27812, 
9906, 349261, -1305211, -13435, -2072485, 74407, 37050, 130722, 
-2651, 105608, 521580, 1168238, 2222995, 14845, 146595, 167980, 
-266450, 368000, 19447, -26231, 31443, -51002, -23431, -55606, 
-162861, -59987, 10540, -49965, -4562, 6048, -26089, 50596, 122056, 
136398, -6706, 83659, -147999, 158706, 214924, 56133, 5396, -17214, 
28340, 635035, 107703, 58832, 17051, 199376, 15448, -19744, 144627, 
-76259, -56217, 27959, 16631, -228185, 25752, 27440, 34642, 14495, 
98940, -20775, 61065, 874424, 30182, 52156, 190388, -138480, 
25159, 31011, 31382, 56217, 104194, 132431, 26597, 48678, 134233, 
-4703, -80356, 62870, -4650607, 40932, 6262, 2089297, 18439, 
22090, -636387, 29322, 31393, 13403, -118603, 57230, -294589, 
127777, 10127, 84597, -123363, 19915, -18574, 9033, 93057, -89801, 
15833, -2865259, 630472, -20605, 236681, 2700498, -109386, 314784, 
-13415, 3459723, -18575, 97666, 194851, 386904, -21978, 17819050, 
-20061, 3379877, -168263, 13940, -34104, -21914, -16596, -394199, 
-25652, 412421, -17764, -26109416, 49115, 5213251, 66926, 20955, 
472148, 8190, 17748, 267044, 409221, 651127, 3598126, 3848181, 
17098, 11815378, -6565933, 598949, 6405929, 37003, -18622905, 
1455679, 406702, -6924566, -514581, -17033155, 2861040, 65404, 
23591, 7964, 3122353, 2584502, 1206527, 378351, 61013, 40788, 
304165, 144077, 5688517, -1295778, -113909, 2007018, -50405, 
-3755871, 11025, 306, 6134, -1065012, -940510, -1780, -2891, 
115516, 37994, 17280, -5909, 19719, 113447, -12781894, 9434, 
10896869, 46326, 658138, -58259, 59617, 30758, -77722, 48178, 
-57455, 2424, 3471, 1314, 3406278, -1121, -709, 58263, -6244, 
720365, 1135, -9310, 1159, 94710, -3010, 62966, 97388, -22130, 
9907, 17064, 23181, 246367, -482, -235017, -5576, 72461, -22738, 
10325, -46070, 11137, 2399, -23114, 9797, -57628, 333023, 23148, 
476896, -8601, 855425, -7955231, 2758487, 1569667, 3572811, -321000, 
2567393, 925296, -41681724, -95919, -2706363, 399594, -748062, 
153207, -102070, 195882, 414109, 5072941, 44497, 215033, 203654, 
2255939, -277809, 26169, 14143, 34657, -6805450, -912042, 731267, 
-3438, 129060, 181552, 52387, 28864, -43704, 40022, 60239, 665338, 
23286, -7069811, 102606, 7013, 49931, 110370, 21215, 1431993, 
317836, -816913, 174308, 42587, 45186, 1216014, 1046151, -213968, 
-5810298, 29492, 995688, -782750, 43884, -9409640, 1405393, 527422, 
3841409, -170817, 1682783, 207221, 3347731, 907300, 1937136, 
687283, 3432604, -161584, 103279, -12211, -8961, 799682, 357806, 
32501, 46873, -61026, 12603, 5035, 24663, -17513, 141537, 856119, 
103215, -33469, 90084, -1020697, 53936, 164061, 145642, 596413, 
101607, -90769, 87833, 4853, -12873, 17830, 173995, 684431, 35470, 
-797110, -1167912, 75801, 3804118, -1754450, 16342, -2242849, 
-8751, 2058061, -49177, 61490, 2745034, 45093, 1663714, 177148, 
-3634, 131329, 171686, 5701, -9899, 40062, 4543, -1097594, 1192901, 
-25901, 26698, 868082, 22307, 21511, 1055, 105800, 1264713, -2410, 
3095397, 19844, -24679122, 97669, 21224, -136622, -9946, 129554, 
44024, 1631226, 100089, -83122, 12646, 127072, 860504, 50227, 
78099, 2177598, -415701, 28177, 353011, 157291, 9691, -5480, 
31590, 26801, 511052, 99764, 99470, -15261, 666323, -1298533, 
53211, 151442, -342830, 178273, 99256, 79969, 5383, 353363, 81138, 
115362, 25110, 4686, 464074, 64260, 93030, 247382, -786092, 636537, 
970925, 210227, 3415205, 112969, 269073, 130332, 255897, 145794, 
50078, 97571, 12993, 29225, 942, -2985825, 200998, 6071, 63415, 
32569, 34400, 18079, 11073, -16560, 57849, 13624, 82524, 28615, 
-10360, 25572, -127397, -136360, 7312, 27359, 35852, -355999, 
30133, 114802, 47561, 95740, 513364, 1166474, -215997, 17269, 
-5798, 79259, 14512, 19775, 122549, -801235, 39014, 3221, -17607, 
254006, 36526, -23771, 12019, -24774, 40914, 15529, 30641, 18264, 
26642, 375660, -597788, 200668, 197363, 150518, -27078, 143660, 
45478, -35003, 26595, 221573, -73855, 6134, 38879, -14, -40313, 
42419, 56025, 22, 476317, 47158, 30580, 86050, -130594, 24150, 
-384073, 16359, 58836, 40727, 18839, 24256, 38193, 122109, 71491, 
42216, -56998, 15717, 156158, -39063, -1778, 23540, -14260, -26003, 
140698, 208266, -12809, -396819, 66714, 91582, 20572, -99819, 
-690083, 87452, 2365, 75183, 202260, 115127, -69807, 4504, 167670, 
26881, 37386, 2956, 2949, -139468, 45790, 23210, 7246, 15563, 
94781, 19072, -2521029, 547566, -20109, 10673, 54038, 561611, 
38766, -69025, -88425, 117399, 30342, -27659, 22336, -35143, 
1001747, 191520, 15646, -95918, 16027, -2160, -23194, 47563, 
5009, -623086, 6080, 67392, 36815, 555, 83006, -13246, 101152, 
59835, 280589, -8996, -610935, 6751, 400069, -56978, -24636, 
-818, -3192, -28285, 34000, 111407, 70568, 113100, 27962, 17099, 
205253, 10232, 512075, 142479, 1030, -511, 878, -56816, 30973, 
-133930, 16791, 61291, 115466, -14573, 12617, 49837, 1285, 6081, 
38714, -94773, 4803, 126775, 342154, -58326, 160975, 59044, 81864, 
2393, -574238, 156089, 103801, -9342, 445362, -111433, -23302795, 
-48073, 111397, 240949, 41752, 33091, -6075555, 34798, -10185, 
-155347, 44331, 91118, 212007, 328468, 32209, 91288, 25909, 60782, 
146135, 16604, 81093, 440558, 190304, -170483, 42887, -210841, 
353071, 159158, 78872, 3137615, 336988, 2436051, 5535, -548528, 
303737, 46234, 91641, 236541, 139165, -37469, 4538662, -411675, 
-315759, 548957, 1552677, 47489, 138572, 131648, 31877, 187820, 
240017, 632818, 41516, -50836, 93980, 288503, -498607, 76845, 
369009, 84452, 36730, -2795, 55622, -5120, -28907, -1441442, 
615409, -60368, -637012, 42801, 53094, 154983, 59479, 51189, 
-653421, 88845, -8708, 59553, 75345, 20388, 71873, 30413, 157464, 
11621465, 76152, -369835, 592039, 73765, -1006668, -572009, 60932, 
59026, 963371, 238687, 161443, 98695, 366264, 200874, 136146, 
94930, 157771, 468347, -34488, -139604, -40956, -237941, -1180784, 
58658, 706296, 107788, 379653, 75955, -279198, -46865, 363017, 
4510206, 1160825, 384773, 1543729, 283445, -459441, 127767, -10524, 
226481, 42484, -38137, 266147, 1635911, -22511, -26345, 25614, 
473638, 222646, 287357, 607722, -13449405, 152430, -391153, 137986, 
-211340, 28798, 1294104, 121240, 196536, 92065, 57791, 168359, 
136515, 71365, 57317, 2487906, 98889, 32814, 293032, 141816, 
-129452, 170793, -278362, 126270, 276958, 130395, 181876, 58634, 
45407, 131254, -552270, 176974, 105221, -1243790, 65720, -373139, 
98983, 73641, 965572, 279853, -120145, 116567, 114499, 262618, 
-6106, 50715, 4779, 4223, -5953, -6386, -1924, 728883, 23670, 
20150, 102080, 2112, 4858, 65993, 9652, -46174, 2175, 62799, 
-10916, 4662, 125201, 43345, 458832, 7609, 14803, -9237, -1262, 
-35114, -36985, 141404, -1178738, 4224, 5584, -14201, 11404, 
-1902, 30682, -1050, 8798, 31559, 6307, 5700, 117761, 279130, 
10829, 1781566, 13917, 41409, 6882, 5218, -773, -16360, 14566, 
66722, -2767, -9717, -14036, 68735, -8090, 16906, 655628, -17544, 
-33035, 53041, -1430, -2260, -7255, 8619, -7381, 217092, 1451, 
50894, -1791, -3160, 84326, -2744, 2071, 40814, 2430, 24000, 
938142, 8987, 3584, -6751, -126882, 7175, -1322932, -55287, -712040, 
562, 3051, 7312, 13903, -87, 3877, 296033, -2379, 3825, 108595, 
1384, 22473, 601, 4987, 8880, -1954888, 65278, 101577, 281374, 
4658, -11783, 108914, -37629, -629145, 35864, -554182, -153833, 
109487, 38660, 157807, 806713, 63910, 42585, -23949, 990488, 
39655, -122673, 136658, 63720, -2832343, 85852, 41789, -13546, 
60882, 13491, 20623, 116428, 39348, 73823, -1969934, 64099, 13182, 
-465583, -28286, 46278, 160503, 260709, 90287, 62775, 64506, 
458134, -130101, -635658, -17917, 110550, 58315, 19993, 157669, 
25014, 15568, 40716, -5786487, 366677, 73608, 1061986, 58150, 
40585, 223857, -55927, 71329, 14114, 35363, 62961, 59409, 173928, 
51111, 44179, 39964, -367855, 14972, 81561, 117642, 46796, 23635, 
13669, -426, -60576, 578106, 29521, 55628, 33673, 15767, -20769, 
23838, 42973, 352554, 79123, 78958, 1449684, 96888, 20304, 175072, 
-185923, -136468, 81665, -49807, 21384, 89630, -45271, 2710, 
-22738, 429737, -43180, 402357, -8420, 72139, 164939, 71668, 
-18935, -274850, 41204, 31899, 40873, 5801, 23444, 261183, 443692, 
-66005, 963037, 283588, 176481, 221021, 377, 168232, -672117, 
-289900, 49578, -20027, 51697, 35705, 14939, 31877, -3087430, 
5939, 127470, 131265, 46648, 142557, -158860, -372659, 56876, 
123370, 185330, -1573173, 191212, 39554, -60135, 1854251, 5409, 
74355, 42743, -3062034, -279403, -638174, 189743, -147717, 9118, 
47750, 115171, 304683, -504604, 150051, -193854, 46235, 611956, 
497382, -387529, 2765605, 323283, 9610, -153444, 203587, 345443, 
-24640, 156670, 187375, -36167, 25427, -62624, 20267, 1244698, 
13855, 3705007, -3316, 6791086, 562130, -30380, 840891, -6083896, 
-22085, 7902840, 6562965, -34473041, 6199690, -171014, 723209, 
3910358, 1833505, 211077, 2499431, 1257141, 2620987, 46609, 2160369, 
66132, 3404274, 3461816, 9678, 7461101, 5084831, 960057, -109070, 
34839, 81449, 201382, -60559, 100228, -8391737, 100924, 275, 
-1174639, 11506, 30717, -139211, -24945, 187718, 255413, -103958, 
35289, 36346, 81360, 200265, 32284, 1604073, 36921, 2482, 432345, 
-37293, 112605, 35334, -15060, 646864, 207123, 97825, 134647, 
61676, -325451, 695378, 22943, 79698, -16343, 81984, 1109762, 
9071, 16059, -89643, 820533, -96157, 542346, 120321, -1741, -417964, 
43396, 149856, -20668, 5699, -2338913, 276794, 585, 30757, -53176, 
210875, -301879, 43968, -2829452, 28792, 54258, 923623, 237850, 
719615, 3121275, -7696, 21026, 2551309, 8186, -2954, 23693, 50264, 
96711, 126031, 57368, 1639558, 216419, 12795, 163615, 227202, 
-212573, 189585, 25502, 18635, 22590, 15203, -37571, 943991, 
52377, 46462, -517807, 1076972, 118691, 196919, -675, 518949, 
311398, 407641, -1884370, -8889224, -62026, 60950, 3677124, 71968, 
-29086, 65860, 10260, -331593, -56773, 69899, 2258403, 88650, 
10854, 689958, 529155, 13489, -1015, -4963, -43709, 3624771, 
202254, -37020, 18891, 139596, 85464, 83623, 15089, -18357194, 
256207, 87540, 426965, 53230, 4704, 112800, -21275, 15868, 12387, 
20220, 42277, 1810, 249776, 30475, -94970, 8255, -6114, 79281, 
13877, 144578, 44143, 118915, 69134, 39470, 212203, -35888, 30681, 
-875091, 142119, -87486, 162143, 8067, 184980, 51747, -6345591, 
31817, 4512, 36385, 219479, 43839, -27741, -184111, 2490690, 
1052917, 147030, -500506, -57592, -32082, 14103, 119318, 194, 
257060, -36687, 61058, 5343333, 29291, 32074, -19028, 1750637, 
10817, -27020, 448198, 23043, -1449, -69054, 20204, 107898, 76729, 
96712, -281832, -525955, -88427, 124821, 105182, 69162, -243131, 
44238, 15889, 1348162, 35792, 35833, 1081384, 49169, 1025222, 
309163, -700259, 64593, 95762, 28491, 145681, 44131, 57146, 49094, 
49903, 85926, 643257, 57423, 18709, -1991716, 5991, 18906, 38803, 
33337, 28194, 123917, -52407, -1426, -6087036, -652718, 3139299, 
-25855, 10316, 5847, 363755, 213739, 54299, 586112, 10491, -16367, 
93733, 43846, 31986, 93473, -90115, 4814, 100930, 23790, 138400, 
39762, 75002, 84015, -60861, 411706, -12539, 18295, 170987, 44404, 
35863, -24307, -45641, 24954, 36377, 944603, 109058, -187990, 
12798, 85836, -12165, 326370, -200, 45204, 4876847, 42317, 93858, 
90457, -6065744, 16293, 20440, 11945, 78485, 27949, 20916, 38826, 
283649, -12594, -164091, 73595, 4638, 429386, 178183, 61284, 
341019, 12333, 43822, -8670297, 25244, -8802, 97617, 50951, 33899, 
16722, 57867, 187118, 5082, 22692, -201037, 100491, 35871, 6432, 
29506, 61282, 2036328, -799233, 34008, 143201, 90002, -69858, 
-85027, -601615, -2067687, 43726, 1301, 9640, 174881, 108720, 
54542, 61347, 83616, -146080, 18587, -7075, 748270, -138482, 
77227, 90565, -531994, -214016, 23216, -183559, 694753, 37694, 
336003, 117841, 37301, -21255, 65767, 16498, -25134, 46953, 422192, 
27805, -5894, 57626, 51713, 38122, 876907, -50077, 13346, 214413, 
88513, 124323, -13723, 64194, 257492, 62738, 19839, -262872, 
45219, 80923, 4635, -32466, 58193, 34837, 23442, 39892, 54507, 
46543, -30, -24160, 1209, 18626, 87978, 1911, -15751, 23565, 
-4189, 622, 5507, 21796, -19500, -2333, -10469, -24054, 1257, 
-18075, 8144, 8471, -8328, 160104, 7489, 36341, -182039, -1350, 
8096, 3674, -568, 1576, 8149, -167604, 11157, 79495, 1735, 1124, 
7149, 6055, -3674, 2294, 147225, 11653, 2671, -28168, 8121, 2312, 
-13836, 7330, -33302, 16516, -11086, 2058, 5018, 1758, 1882, 
-95528, 243479, 289163, 20559, -16428, 62985, -22852, 26773, 
33298, 1719, 471464, -858069, 173139, 1697668, 227558, 139138, 
452658, 315145, -591303, 1196329, -19873, 22981, 51043, 291963, 
108835, -488493, -1643757, 433086, 866, 1509846, 475538, 64830, 
-7610403, -144726, -1963248, 575720, 1137576, 115358, 13964, 
38923, 137943, -2499944, 68462, 1123580, 196665, 463028, -31141, 
802460, -4821, 166465, 8086, 1980895, 107232, -123548, -189204, 
1051175, 60245, -717, 155517, 66081, -10940232, 6995, 50814, 
161364, 72312, -898802, 110772, -103809, 650829, 131277, -153731, 
572924, 99337, 229705, 139032, 169390, 676256, 53210, 191975, 
433368, 166775, 126688, 223071, -10999, 314170, 609691, 112150, 
-40615, 38864, 14807, 2935132, 100246, 1308571, 103663, 32435, 
-34363, 108235, 307349, -262081, 300142, 58187, 1150, 16042, 
-7085, 16099, 17016, -2137, 9255, -202621, -737985, 682, 6749, 
8676, 23758, 10538, 2836, -7265, 3444, -263408, 13514, 3864, 
9726, 6679, 11485, 3836, 49823, -3399, -84756, 61870, -56769, 
242804, 123098, 8495, 4298, -19440, -2957, -1888, 16484, 15347, 
-3595, -7357, -40073, 3552, -28143, -5167, -7233, 3379, -18813, 
2764, 36619, 6833, 59745, 2311, -280538, -37996, 21725, 2187, 
5126, 393, 11114, -25563, 3984, -1127, -96925, 63596, 65654, 
465415, 41921, -4062, 10651, -32867, 15325, 6697, 16612, 15631, 
-145374, 7593, -8105, 9090, 39418, 59991, -3763789, 3244, 13924, 
14933, 11054, 6192, 62949, 2752, 197, 17337, 51, 4524, -198327, 
45893, 19658, 2440, 10288, -464, 833, 64789, 8465, 20369, 46030, 
12202, 2079, 7070, 22206, -484592, -15785, 4640, 2968, 2676, 
-163082, 58501, 18907, 20785, -34819, 15360, 61811, 8548, 1118, 
-7297, 58022, -108680, 41479, -21279, 47016, 1541, -12273, 1709243, 
373205, -39853, 162596, 19535, 10120, 14411, 65295, -11169, 429, 
-12978, 1862, 112165, 14751, 19870, -2391, -31284, 247017, 152081, 
251662, 55358, -689757, 1326704, 155268, 3009028, 638328, 296327, 
-721676, 7862480, 1664263, 2585008, 519936, 17293, -204091, 3524477, 
1841244, 2726158, -3719312, 353934, 9387667, -1202250, 5470141, 
3477303, 203278, 144562, 3197811, 1658016, 1277694, -2143325, 
8025, 32018, 56186, -10295, -22774, 3849, 326399, -66815, 6000, 
-1317, 526, -3314, -19708, 30366, -569571, 5438, 56822, 21934, 
-36574, 2900, 201751, 57184, 1376737, -82520, 97002, 175554, 
13071, 23013, 27096, 126704, 6516, 698623, 48807, -554351, 407583, 
340307, -418, -384157, 7780, -44797, -9407, 304429, 5, 51440, 
2397, -96827, 34641, -216, -422338, -5397781, 136037, 10498879, 
-429035, 72678, 360764, 41731, -85809, 128040, 68060, 477626, 
103871, 3264, 2275574, -1417133, 20075, -49550, 264493, 129481, 
338692, 26684, 492929, -155959, 37975395, 162147, 285123, 494685, 
-2026291, 60860, 15574993, -187941009, 1345443, -438692, -1610661, 
280413, 2826485, 108685, 762100, 51280, 2406140, 31261639, 1399614, 
9997766, 3339383, 69054, 2554140, 45857, 382679, 150091, 71581, 
-38817, 10624419, 408191, 415727, -459511, 1316168, -323243, 
544251, 696683, 11438145, 117074, 155614, 102697, -616071, 136917, 
438464, -34032, 227469, 226346, 382323, 1402808, 134281, 281575, 
637240, 2101397, -43139, 587829, 68867, 110874, -11813924, 231721, 
13453, 3774455, 54644, 1497587, 104959, -10093674, 86734, -19223, 
1711424, -591214, 33843, -9743647, -236297, 155952, 103723, 64209, 
174649, 199023, -105427, 40514, 77261, 200448, 234955, 1628869, 
569437, 1904976, 57303, 2367528, -1904144, 230369, -53948, 71336, 
2372095, 169869, 140397, 647156, 67444, -1420224, 78480, 446850, 
84979, 46757, 294605, 154482, 262971, 470424, -59513, 1133323, 
418147, 325822, -40349, 41005, 84623, 106853, 204007, -288687, 
655388, 107938, 277854, 235285, -307676, 187862, 63704, 3008145, 
82201, 83954, -5680, 116840, 46806, 18212, 13055, 30031, 23864, 
-81720, 17212, 98765, 101569, 2034080, -120683, 105404, 23377, 
3638, 2794331, 30739, -93522, 64593, -13326, 416758, -36943, 
319601, 34009, 23198, -31649, 26057, 413157, 16852, 29948, 5236, 
12014, 66452, 42621, -55689, 23780, 38947, -68101, 55509, 29441, 
-4235, 153552, 322158, 670924, 77096, 762554, 1570, 112241, 30838, 
40659, 116938, 51708, -210803, -7959, 88311, 33732, -7665169, 
206808, 750976, 63373, 100794, -18847, -25637, -49950, 428599, 
32213, 15847, 798696, 48903, 232051, 58980, 6661, 17001, -3901189, 
1425158, -74565, 108679, -2277, -59597, 7709, -9831, 3886282, 
-26426, 620809, 3450, 3732, 8287, 13226, 23547, -8359, 2731, 
738, -18226, 16451, 45253, 80569, -5087, -1021, 68010, 32289, 
-21887, -140010, -310301, 2362, -8092685, 692027, -1326, 46257, 
-3863, 5465, -219, 6100, -638255, 4543, 670449, 559959, -8192631, 
356713, 1366050, 155146, 903311, -197757, 57914, 7579850, 985421, 
75246, -12107, 473990, -414112, 1727115, 78778, 107564, 127112, 
11680, 168310, -351019, -3495464, 4465182, -11381, -243003, 558724, 
-40083, 462620, 30350, -104314, 198536, -32688, 76432, 140548, 
195866, 739317, 199045, 1024041, -1151627, 245987, -106996, 27855, 
-21493, 85106, 596242, -1872863, -677886, 2092008, 584849, 718697, 
-12855136, 826145, 16727, 480651, 37036, 231080, 26111, 294799, 
101754, 68997, 51292, 99172, 1301167, 245786, 3134797, 53319, 
1762326, 1020148, 1027732, 12861, -1660348, 1172843, 134370, 
-203578, -40903, 881793, 20935, 54928, -164316, 1951156, 94428, 
-4104070, 80237, 155115, 63148, 127295, 178765, 139127, 58562, 
2101218, 361349, -110010, -274745, 29494, -1344527, -148104, 
51123, -152169, 110168, 517134, 260881, 374864, 99721, 1459321, 
28102, 81772, 18566, 108092, 84696, 122832, 389666, -2315167, 
324369, -773767, -235118, 133533, 69816, 1663874, 11427, 8056, 
12726, 20682, -47020, -47424, 8898, -11067, 37214, 3160, -7025, 
11541, 28635, -47816, 10868, 39484, -65479, 9198, 15499, -9136, 
2907, 27408, -8129, 4203, -9837, 1947, 1345, 37814, 4617, 27927, 
307, -47375, 14227, -2007, 870, -15675, 566, 22025, 26304, -11878, 
1194574, 6772, 37302, 6258, -2819, 162592, 9330, 9856, -1595239, 
49478, -213669, -2841, 970, 23943, 19778, -49017, 5719, 31227, 
7636, -21646, 1229, 100687, -4922, 752, -60214, 8211, -915903, 
105088, 50805, 104323, 138586, -19495, 168016, 128207, 97637, 
364478, 470172, 132418, 93308, 25537, 129476, -205088, 44895, 
40235, -10040190, 18535, 61261, 329299, -32145, 679286, 38393, 
258900, 96561, 86823, 224640, -7349, 63758, -195122, -1881730, 
22950, 57935, 32062, 348255, 55716, 57022, 12324, 185604, 67176, 
14100, 65112, 214124, 36583, -852182, -1917, 45554, 112438, 52205, 
234003, 366568, 33616, 105329, 169309, -530189, 199105, 100156, 
47979, 83056, 57452, 2753310, 65758, 142864, 25475, 83461, 26928, 
21283, 161510, -186627, -61359, -27437, 782713, 544229, 31086, 
171871, 357407, -5232966, 135299, 82054, -594564, 2180055, 1055881, 
53891, 5186, 154368, 37589, -1499, -39820, 32987, 44634, 49493, 
2169173, 1431757, -54526, 36628, -79610, 212203, 146959, 22310, 
367113, 69297, 614, 270225, 659137, 6572, 68092, -1280290, -5666979, 
87645, 7948, 140593, -199491, 3947903, -226090, 4437, 7548, -19878, 
-10583, 118486, 185523, 218573, -281620, 158648, 39853, 49233, 
-245097, 127068, 19155, 733707, 119398, -15391, 182138, 9710, 
20616, 25233, 10951815, 9270, 102171, 1148511, 41396, 8860, 120446, 
1006751, 4470, 6097, 9472, 43119, -3011, -80098, -40543553, -11518, 
-14928, 46489, 13246789, 20481, 3202, -12677, 23629, 63465, 2481, 
-162273, 2276, 1867874, -765008, 89356, 89387, 211737, 78257, 
24564, 16433, 4437, 14691929, 34008, 19544, 24139, 40354, 3482797, 
-9042, 33556, 10554, 43617, 49157, -6929, 287171, -1350089, 55117, 
2267508, -35739, -5782, 26232, -6041, 15743, 747434, -35527604, 
502933, 68753, 10587, 1335790, -6408, 655904, -56868, 196890, 
43933, 480340, 79161, 4566, -5721, -17939, 223342, -24050, 10793, 
43442, 15418, 111209, 8881, -1951621, 20420, -49510, 1235334, 
75853, 20331, 1288904, 697715, -21746, -799, -4399, 2549, -483, 
8174, 64721, -713, -58837, 20283, 421659, -37401, 102443, 86005, 
18476, 829551, 14312, 8908, 49665, 119743, 411, -114448, 24216, 
-7665, -125720, -3692, 18226, 88407, 27781, 9173, 67838, -8055, 
565846, 7146, 27496, 115670, 15547, 5941, 179665, 8517808, -14427, 
-64441, 4089, 42004, 136528, 184325, -15781, -856891, 2320, -13262, 
698707, 106983, 46201, 1769008, -35171, -18202, 156195, -2000702, 
-10232, 99907, 2226485, -39413, 9289, 69996, 12277, 34775, 17105, 
82934, 2114796, 16910, 281735, 2907, 36573, 418676, 516522, 14466, 
9669, -22332, 2694, 48251, 17904, -359535, -53599, 21566, 7774, 
-3977, 2082, -22641, 14947, 3998817, -205980, 4078, 34584, 9431, 
-114655, 18046, -8940795, 108916, 188417, 595017, 12296, 11879, 
10108, 665506, 149238, 21425, 67802, 16066, 34255, -109794, 201700, 
6840, -346953, -28374, 125019, 5508755, 803997, 23244, 230190, 
211590, -42838, 7443, -61816, 5599, -2011, 238031, 24618, -9346, 
-5410, 2247791, 58218, -5008, 5877, -14542, 19142, 32185, 20519, 
4551, 151922, 5978, 17702, -5854276, 5241, 66455, 5982, 708477, 
381736, -29716, 668422, 165424, 18685, 2150, 1048421, 8732, 161908, 
182155, 159854, -4183480, 608, 22335, 488877, 67391, -106949, 
78882, 434219, 48272, 52910, 3610394, 161311, 63546, 413361, 
135097, 28024, 42830, 1230927, 117379, 479309, 519446, 53954, 
550159, -218728, 72239, 369728, 29894, 981438, -1482547, 11766, 
522291, 71457, -298359, 248709, 1305, 101496, 5679100, 333879, 
70452, 148076, 179622, 24997, 72210, 191743, 304413, -3491, 82103, 
21627, 318581, 161435, 53771, 476474, -72387, 133075, 80339, 
-3974, 102499, 145982, 232797, -421, 1625921, -57266, 50616, 
89027, 473640, 223906, 19416, 396109, 2076917, -116644, -2275167, 
-6756462, -1126599, -5071869, -1257512, 708343, 3794089, -1263942, 
-31827, 186351, 1018296, -1100075, 94199, 267332, -4132646, 20952, 
-95773, -18375, 595285, -351073, 159535, -630595, 8475222, -306605, 
37149, -329194, 122431, 1756284, -93404, -142668, 1367568, 152935, 
-1373, 77356, -1024213, 39367, 545645, 143258, 100348, 283990, 
33228, 60020, -116702, -85667, 289113, -6582, 128973, -205755, 
-194219, 34480, 3280385, 16120, -40982, 266093, 11119, 169232, 
359, -54702, 52516, 274997, 171672, -14410992, 952669, 120935, 
39847, 106500, 33255, 308702, 36990, 32806, 42278, 4030980, 52043, 
173357, 145438, 6902873, -710082, 168203, 1428352, 22811, -107612, 
163497, -133557, 33063, 138009, -78980, 9013, 107704, -1317787, 
103479, 72852, 1118334, 249596, 120545, 501431, 7841, -1612172, 
283364, 56464, 2475, 130083, -332544, 59915, 223148, 10661, 163246, 
163075, 65509, 134867, 18182, 21437, 367470, 53369, 1418162, 
149543, -403168, 128986, 33881, 80284, 241497, 14294, -46173, 
101826, -32213, -6455667, -15850, 530431, -28447, -592492, 1436501, 
50191, 440283, 248747, 84019, 6248, 775696, 65735, 335790, 887, 
1198363, -105171, -1133, 279912, -29495, 6713, 26616, 151655, 
30697, 488251, 30364, 1731748, 1404652, 313410, 174391, -777821, 
-392848, NA, 79295, 715701, -115034, 49198, 61767, -763430, 11991, 
26176, 44814, 151618, -1022, -12237, 3270, 150869, 29666, 10749, 
-271752, 80920, 716628, -1133534, -47620, 150525, 23310, -80235, 
191844, 9695, 57225, 39384, 180617, -92222, -514440, 112992, 
215698, 36386, -395632, 37259, -24342, 60, 214685, 459796, -27614, 
-1812, 23999, 55747, 56845, 146805, 20822, 14762, 28241, 324059, 
5756, 93174, 42215, -240374, 111472, 25381, 920, -210592, -3989, 
74174, 65443, 31147, 39517, 6846, 12927, -34462, 47191, -7281, 
5910, -17332, 1479, 61081, -9122, -170408, -110946, 147223, -1859, 
45041)), .Names = c("region", "value"), class = "data.frame", row.names = c(3L, 
6L, 9L, 12L, 15L, 18L, 21L, 24L, 27L, 30L, 33L, 36L, 39L, 42L, 
45L, 48L, 51L, 54L, 57L, 60L, 63L, 66L, 69L, 72L, 75L, 78L, 81L, 
84L, 87L, 90L, 93L, 96L, 99L, 102L, 105L, 108L, 111L, 114L, 117L, 
120L, 123L, 126L, 129L, 132L, 135L, 138L, 141L, 144L, 147L, 150L, 
153L, 156L, 159L, 164L, 167L, 170L, 173L, 176L, 179L, 182L, 185L, 
188L, 191L, 194L, 197L, 200L, 203L, 206L, 209L, 212L, 215L, 218L, 
221L, 224L, 227L, 230L, 233L, 236L, 239L, 242L, 245L, 248L, 251L, 
254L, 257L, 260L, 263L, 266L, 269L, 272L, 275L, 278L, 281L, 284L, 
287L, 290L, 293L, 296L, 299L, 302L, 305L, 308L, 311L, 314L, 317L, 
320L, 323L, 326L, 329L, 332L, 335L, 338L, 341L, 344L, 347L, 350L, 
353L, 356L, 359L, 362L, 367L, 370L, 373L, 376L, 379L, 382L, 385L, 
388L, 391L, 394L, 397L, 400L, 403L, 406L, 409L, 412L, 415L, 418L, 
421L, 424L, 427L, 430L, 433L, 436L, 439L, 442L, 445L, 448L, 451L, 
454L, 457L, 460L, 463L, 466L, 469L, 472L, 475L, 478L, 481L, 484L, 
487L, 490L, 493L, 496L, 499L, 502L, 505L, 508L, 511L, 514L, 517L, 
520L, 523L, 526L, 529L, 532L, 535L, 538L, 541L, 544L, 547L, 550L, 
553L, 556L, 559L, 562L, 565L, 568L, 571L, 574L, 577L, 580L, 583L, 
586L, 589L, 594L, 597L, 600L, 603L, 606L, 609L, 612L, 615L, 618L, 
621L, 624L, 627L, 630L, 633L, 636L, 641L, 644L, 647L, 650L, 653L, 
656L, 659L, 662L, 665L, 668L, 671L, 674L, 677L, 680L, 683L, 686L, 
689L, 692L, 695L, 698L, 701L, 704L, 707L, 710L, 713L, 716L, 719L, 
722L, 725L, 728L, 731L, 734L, 737L, 740L, 743L, 746L, 749L, 752L, 
755L, 758L, 761L, 764L, 767L, 770L, 773L, 776L, 779L, 782L, 785L, 
788L, 791L, 794L, 797L, 800L, 803L, 806L, 809L, 812L, 817L, 820L, 
823L, 826L, 829L, 832L, 835L, 838L, 841L, 844L, 847L, 850L, 853L, 
856L, 859L, 862L, 865L, 868L, 871L, 874L, 877L, 880L, 883L, 886L, 
889L, 892L, 895L, 898L, 901L, 904L, 907L, 910L, 913L, 916L, 919L, 
922L, 925L, 928L, 931L, 934L, 937L, 940L, 943L, 946L, 949L, 952L, 
955L, 958L, 961L, 964L, 967L, 970L, 973L, 976L, 979L, 982L, 985L, 
988L, 991L, 994L, 997L, 1000L, 1003L, 1006L, 1011L, 1014L, 1017L, 
1020L, 1023L, 1026L, 1029L, 1032L, 1037L, 1042L, 1045L, 1048L, 
1053L, 1056L, 1059L, 1062L, 1065L, 1068L, 1071L, 1074L, 1077L, 
1080L, 1083L, 1086L, 1089L, 1092L, 1095L, 1098L, 1101L, 1104L, 
1107L, 1110L, 1113L, 1116L, 1119L, 1122L, 1125L, 1128L, 1131L, 
1134L, 1137L, 1140L, 1143L, 1146L, 1149L, 1152L, 1155L, 1158L, 
1161L, 1164L, 1167L, 1170L, 1173L, 1176L, 1179L, 1182L, 1185L, 
1188L, 1191L, 1194L, 1197L, 1200L, 1203L, 1206L, 1209L, 1212L, 
1215L, 1218L, 1221L, 1224L, 1227L, 1230L, 1233L, 1236L, 1239L, 
1242L, 1245L, 1248L, 1251L, 1256L, 1259L, 1262L, 1265L, 1268L, 
1271L, 1274L, 1277L, 1280L, 1283L, 1286L, 1289L, 1292L, 1295L, 
1298L, 1301L, 1304L, 1307L, 1310L, 1313L, 1316L, 1319L, 1322L, 
1325L, 1328L, 1331L, 1334L, 1337L, 1340L, 1343L, 1346L, 1349L, 
1352L, 1355L, 1358L, 1361L, 1364L, 1367L, 1370L, 1373L, 1376L, 
1379L, 1382L, 1385L, 1388L, 1391L, 1394L, 1397L, 1400L, 1403L, 
1406L, 1409L, 1412L, 1415L, 1418L, 1421L, 1424L, 1427L, 1430L, 
1433L, 1436L, 1439L, 1442L, 1445L, 1448L, 1451L, 1454L, 1457L, 
1460L, 1463L, 1466L, 1469L, 1472L, 1475L, 1478L, 1481L, 1484L, 
1487L, 1490L, 1493L, 1496L, 1499L, 1502L, 1505L, 1508L, 1511L, 
1514L, 1517L, 1520L, 1523L, 1526L, 1529L, 1532L, 1535L, 1538L, 
1541L, 1544L, 1547L, 1550L, 1553L, 1556L, 1559L, 1562L, 1565L, 
1568L, 1571L, 1574L, 1577L, 1580L, 1583L, 1586L, 1589L, 1592L, 
1595L, 1598L, 1601L, 1604L, 1607L, 1610L, 1613L, 1616L, 1619L, 
1622L, 1625L, 1628L, 1631L, 1634L, 1637L, 1640L, 1643L, 1646L, 
1649L, 1652L, 1655L, 1658L, 1661L, 1664L, 1667L, 1670L, 1673L, 
1676L, 1679L, 1682L, 1685L, 1688L, 1691L, 1694L, 1697L, 1700L, 
1703L, 1706L, 1709L, 1712L, 1715L, 1718L, 1721L, 1724L, 1727L, 
1730L, 1735L, 1738L, 1741L, 1744L, 1749L, 1752L, 1755L, 1758L, 
1761L, 1764L, 1767L, 1770L, 1773L, 1776L, 1779L, 1782L, 1785L, 
1788L, 1791L, 1794L, 1797L, 1800L, 1803L, 1806L, 1809L, 1812L, 
1815L, 1818L, 1821L, 1824L, 1827L, 1830L, 1833L, 1836L, 1839L, 
1842L, 1845L, 1848L, 1851L, 1854L, 1857L, 1860L, 1863L, 1866L, 
1869L, 1872L, 1875L, 1878L, 1881L, 1884L, 1887L, 1890L, 1893L, 
1896L, 1899L, 1902L, 1905L, 1908L, 1911L, 1914L, 1917L, 1920L, 
1923L, 1926L, 1929L, 1932L, 1935L, 1938L, 1941L, 1944L, 1947L, 
1950L, 1953L, 1956L, 1959L, 1962L, 1965L, 1968L, 1971L, 1974L, 
1977L, 1980L, 1983L, 1986L, 1989L, 1992L, 1995L, 1998L, 2001L, 
2004L, 2007L, 2010L, 2013L, 2016L, 2019L, 2022L, 2025L, 2028L, 
2031L, 2034L, 2037L, 2040L, 2043L, 2048L, 2051L, 2054L, 2057L, 
2060L, 2063L, 2066L, 2069L, 2072L, 2075L, 2078L, 2081L, 2084L, 
2087L, 2090L, 2093L, 2096L, 2099L, 2102L, 2105L, 2108L, 2111L, 
2114L, 2117L, 2120L, 2123L, 2126L, 2129L, 2132L, 2135L, 2138L, 
2141L, 2144L, 2147L, 2150L, 2153L, 2156L, 2159L, 2162L, 2165L, 
2168L, 2171L, 2174L, 2177L, 2182L, 2185L, 2188L, 2191L, 2194L, 
2197L, 2200L, 2203L, 2206L, 2209L, 2212L, 2215L, 2218L, 2221L, 
2224L, 2227L, 2230L, 2233L, 2236L, 2239L, 2242L, 2245L, 2248L, 
2251L, 2254L, 2257L, 2260L, 2263L, 2266L, 2269L, 2272L, 2275L, 
2278L, 2281L, 2284L, 2287L, 2290L, 2293L, 2296L, 2299L, 2302L, 
2305L, 2308L, 2311L, 2314L, 2317L, 2320L, 2323L, 2326L, 2329L, 
2332L, 2335L, 2338L, 2341L, 2344L, 2347L, 2350L, 2353L, 2356L, 
2359L, 2362L, 2365L, 2368L, 2371L, 2374L, 2377L, 2380L, 2383L, 
2386L, 2389L, 2392L, 2395L, 2398L, 2401L, 2404L, 2407L, 2410L, 
2413L, 2416L, 2419L, 2422L, 2425L, 2428L, 2431L, 2434L, 2437L, 
2440L, 2443L, 2446L, 2449L, 2452L, 2455L, 2458L, 2461L, 2464L, 
2467L, 2470L, 2473L, 2476L, 2479L, 2482L, 2485L, 2490L, 2493L, 
2496L, 2499L, 2502L, 2505L, 2508L, 2511L, 2514L, 2517L, 2520L, 
2523L, 2526L, 2529L, 2532L, 2535L, 2538L, 2541L, 2544L, 2547L, 
2550L, 2553L, 2556L, 2559L, 2562L, 2565L, 2568L, 2571L, 2574L, 
2577L, 2580L, 2583L, 2586L, 2589L, 2592L, 2595L, 2598L, 2601L, 
2604L, 2607L, 2610L, 2613L, 2616L, 2619L, 2622L, 2625L, 2628L, 
2631L, 2634L, 2637L, 2640L, 2643L, 2646L, 2649L, 2652L, 2655L, 
2658L, 2661L, 2664L, 2667L, 2670L, 2673L, 2676L, 2679L, 2682L, 
2685L, 2688L, 2691L, 2694L, 2697L, 2700L, 2703L, 2706L, 2709L, 
2712L, 2715L, 2718L, 2721L, 2724L, 2727L, 2730L, 2733L, 2736L, 
2739L, 2742L, 2745L, 2748L, 2751L, 2754L, 2757L, 2760L, 2763L, 
2768L, 2771L, 2774L, 2777L, 2780L, 2783L, 2786L, 2789L, 2792L, 
2795L, 2798L, 2801L, 2804L, 2807L, 2810L, 2813L, 2816L, 2819L, 
2822L, 2825L, 2828L, 2831L, 2834L, 2837L, 2840L, 2843L, 2846L, 
2849L, 2852L, 2855L, 2858L, 2861L, 2864L, 2867L, 2870L, 2873L, 
2876L, 2879L, 2882L, 2885L, 2888L, 2891L, 2894L, 2897L, 2900L, 
2903L, 2906L, 2909L, 2912L, 2915L, 2918L, 2921L, 2924L, 2927L, 
2930L, 2933L, 2936L, 2939L, 2942L, 2945L, 2948L, 2951L, 2954L, 
2957L, 2960L, 2963L, 2966L, 2969L, 2972L, 2975L, 2978L, 2981L, 
2984L, 2987L, 2990L, 2993L, 2996L, 2999L, 3002L, 3005L, 3008L, 
3011L, 3014L, 3017L, 3020L, 3023L, 3026L, 3029L, 3032L, 3035L, 
3038L, 3041L, 3044L, 3047L, 3050L, 3053L, 3056L, 3059L, 3062L, 
3065L, 3068L, 3071L, 3074L, 3077L, 3080L, 3085L, 3088L, 3091L, 
3094L, 3097L, 3100L, 3103L, 3106L, 3109L, 3112L, 3115L, 3118L, 
3121L, 3124L, 3127L, 3130L, 3133L, 3136L, 3139L, 3142L, 3145L, 
3148L, 3151L, 3154L, 3157L, 3160L, 3163L, 3166L, 3169L, 3172L, 
3175L, 3178L, 3181L, 3184L, 3187L, 3190L, 3193L, 3196L, 3199L, 
3202L, 3205L, 3208L, 3211L, 3214L, 3217L, 3220L, 3223L, 3226L, 
3229L, 3232L, 3235L, 3238L, 3241L, 3244L, 3247L, 3250L, 3253L, 
3256L, 3259L, 3262L, 3265L, 3268L, 3271L, 3274L, 3277L, 3280L, 
3283L, 3286L, 3289L, 3292L, 3295L, 3298L, 3301L, 3304L, 3307L, 
3310L, 3313L, 3316L, 3319L, 3322L, 3325L, 3328L, 3331L, 3334L, 
3337L, 3340L, 3343L, 3346L, 3349L, 3352L, 3355L, 3358L, 3361L, 
3364L, 3367L, 3370L, 3373L, 3376L, 3379L, 3382L, 3385L, 3388L, 
3391L, 3394L, 3397L, 3400L, 3403L, 3406L, 3409L, 3412L, 3415L, 
3418L, 3421L, 3424L, 3427L, 3430L, 3433L, 3436L, 3439L, 3442L, 
3447L, 3450L, 3453L, 3456L, 3459L, 3462L, 3465L, 3468L, 3471L, 
3474L, 3477L, 3480L, 3483L, 3486L, 3489L, 3492L, 3495L, 3498L, 
3501L, 3504L, 3507L, 3510L, 3513L, 3516L, 3519L, 3522L, 3525L, 
3528L, 3531L, 3534L, 3537L, 3540L, 3543L, 3546L, 3549L, 3552L, 
3555L, 3558L, 3561L, 3564L, 3567L, 3570L, 3573L, 3576L, 3579L, 
3582L, 3585L, 3588L, 3591L, 3594L, 3597L, 3600L, 3603L, 3606L, 
3609L, 3612L, 3615L, 3618L, 3621L, 3624L, 3627L, 3630L, 3633L, 
3636L, 3641L, 3644L, 3647L, 3650L, 3653L, 3656L, 3659L, 3662L, 
3665L, 3668L, 3671L, 3674L, 3677L, 3680L, 3685L, 3688L, 3691L, 
3694L, 3697L, 3700L, 3703L, 3706L, 3709L, 3712L, 3715L, 3718L, 
3721L, 3724L, 3727L, 3730L, 3733L, 3736L, 3739L, 3742L, 3745L, 
3748L, 3751L, 3754L, 3759L, 3762L, 3765L, 3768L, 3771L, 3774L, 
3777L, 3780L, 3783L, 3786L, 3789L, 3792L, 3795L, 3798L, 3801L, 
3804L, 3809L, 3812L, 3815L, 3818L, 3821L, 3824L, 3827L, 3830L, 
3833L, 3836L, 3839L, 3842L, 3845L, 3848L, 3851L, 3854L, 3857L, 
3860L, 3863L, 3866L, 3869L, 3872L, 3875L, 3878L, 3881L, 3884L, 
3887L, 3890L, 3893L, 3896L, 3899L, 3902L, 3905L, 3908L, 3911L, 
3914L, 3917L, 3920L, 3923L, 3926L, 3929L, 3932L, 3935L, 3938L, 
3941L, 3944L, 3947L, 3950L, 3953L, 3956L, 3959L, 3962L, 3965L, 
3968L, 3971L, 3974L, 3977L, 3980L, 3983L, 3986L, 3989L, 3992L, 
3995L, 3998L, 4001L, 4004L, 4007L, 4010L, 4013L, 4016L, 4019L, 
4022L, 4025L, 4028L, 4031L, 4034L, 4037L, 4040L, 4043L, 4046L, 
4049L, 4052L, 4055L, 4060L, 4063L, 4066L, 4069L, 4072L, 4075L, 
4078L, 4081L, 4084L, 4087L, 4090L, 4093L, 4096L, 4099L, 4102L, 
4105L, 4108L, 4111L, 4114L, 4117L, 4120L, 4123L, 4126L, 4129L, 
4132L, 4135L, 4138L, 4141L, 4144L, 4147L, 4150L, 4153L, 4156L, 
4159L, 4162L, 4165L, 4168L, 4171L, 4174L, 4177L, 4180L, 4183L, 
4186L, 4189L, 4192L, 4195L, 4198L, 4201L, 4204L, 4207L, 4210L, 
4213L, 4216L, 4219L, 4222L, 4225L, 4228L, 4231L, 4234L, 4237L, 
4240L, 4243L, 4246L, 4249L, 4252L, 4255L, 4258L, 4261L, 4264L, 
4267L, 4270L, 4273L, 4276L, 4279L, 4282L, 4285L, 4288L, 4291L, 
4294L, 4297L, 4300L, 4303L, 4306L, 4309L, 4312L, 4315L, 4318L, 
4323L, 4326L, 4329L, 4332L, 4335L, 4338L, 4341L, 4344L, 4347L, 
4350L, 4353L, 4356L, 4359L, 4362L, 4365L, 4368L, 4371L, 4374L, 
4377L, 4380L, 4383L, 4386L, 4389L, 4392L, 4395L, 4398L, 4401L, 
4404L, 4407L, 4410L, 4413L, 4416L, 4419L, 4422L, 4425L, 4428L, 
4431L, 4434L, 4437L, 4440L, 4443L, 4446L, 4449L, 4452L, 4455L, 
4458L, 4461L, 4464L, 4467L, 4470L, 4473L, 4476L, 4479L, 4482L, 
4485L, 4488L, 4491L, 4494L, 4497L, 4500L, 4503L, 4506L, 4509L, 
4512L, 4515L, 4518L, 4521L, 4524L, 4527L, 4530L, 4533L, 4536L, 
4539L, 4542L, 4545L, 4548L, 4551L, 4554L, 4557L, 4560L, 4563L, 
4566L, 4569L, 4572L, 4575L, 4578L, 4581L, 4584L, 4587L, 4590L, 
4593L, 4596L, 4599L, 4602L, 4605L, 4608L, 4611L, 4614L, 4617L, 
4620L, 4623L, 4626L, 4629L, 4632L, 4635L, 4638L, 4641L, 4644L, 
4647L, 4650L, 4653L, 4656L, 4659L, 4662L, 4665L, 4670L, 4673L, 
4676L, 4679L, 4682L, 4685L, 4688L, 4691L, 4694L, 4697L, 4700L, 
4703L, 4706L, 4709L, 4712L, 4715L, 4718L, 4721L, 4724L, 4727L, 
4730L, 4733L, 4736L, 4739L, 4742L, 4745L, 4748L, 4751L, 4754L, 
4757L, 4760L, 4763L, 4766L, 4769L, 4772L, 4775L, 4778L, 4781L, 
4784L, 4787L, 4790L, 4793L, 4796L, 4799L, 4802L, 4805L, 4808L, 
4811L, 4814L, 4817L, 4820L, 4823L, 4826L, 4829L, 4832L, 4835L, 
4838L, 4841L, 4844L, 4847L, 4850L, 4853L, 4856L, 4859L, 4862L, 
4865L, 4868L, 4871L, 4874L, 4877L, 4880L, 4883L, 4886L, 4889L, 
4892L, 4895L, 4898L, 4901L, 4904L, 4907L, 4910L, 4913L, 4918L, 
4921L, 4924L, 4927L, 4930L, 4933L, 4936L, 4939L, 4942L, 4945L, 
4948L, 4951L, 4954L, 4957L, 4960L, 4963L, 4966L, 4969L, 4972L, 
4975L, 4978L, 4981L, 4984L, 4987L, 4990L, 4993L, 4996L, 4999L, 
5002L, 5005L, 5008L, 5011L, 5014L, 5017L, 5020L, 5023L, 5026L, 
5029L, 5032L, 5035L, 5038L, 5041L, 5044L, 5047L, 5050L, 5053L, 
5056L, 5059L, 5062L, 5065L, 5068L, 5071L, 5074L, 5077L, 5080L, 
5083L, 5088L, 5091L, 5094L, 5097L, 5100L, 5103L, 5106L, 5109L, 
5112L, 5115L, 5118L, 5121L, 5124L, 5127L, 5130L, 5133L, 5136L, 
5139L, 5142L, 5145L, 5148L, 5151L, 5154L, 5157L, 5160L, 5163L, 
5166L, 5169L, 5172L, 5175L, 5178L, 5181L, 5184L, 5187L, 5190L, 
5193L, 5196L, 5199L, 5202L, 5205L, 5208L, 5211L, 5214L, 5217L, 
5220L, 5223L, 5226L, 5229L, 5232L, 5235L, 5238L, 5241L, 5244L, 
5247L, 5250L, 5253L, 5256L, 5259L, 5262L, 5265L, 5268L, 5271L, 
5274L, 5277L, 5280L, 5283L, 5286L, 5289L, 5292L, 5295L, 5298L, 
5301L, 5304L, 5307L, 5310L, 5313L, 5316L, 5319L, 5322L, 5325L, 
5328L, 5331L, 5334L, 5337L, 5340L, 5343L, 5346L, 5349L, 5352L, 
5355L, 5358L, 5361L, 5364L, 5367L, 5370L, 5373L, 5376L, 5379L, 
5382L, 5385L, 5390L, 5393L, 5396L, 5399L, 5402L, 5405L, 5408L, 
5411L, 5414L, 5417L, 5420L, 5423L, 5426L, 5429L, 5432L, 5435L, 
5438L, 5441L, 5444L, 5447L, 5450L, 5453L, 5456L, 5459L, 5462L, 
5465L, 5468L, 5471L, 5474L, 5477L, 5480L, 5483L, 5486L, 5489L, 
5492L, 5495L, 5498L, 5501L, 5504L, 5507L, 5510L, 5513L, 5516L, 
5519L, 5522L, 5525L, 5528L, 5531L, 5534L, 5537L, 5540L, 5543L, 
5546L, 5551L, 5554L, 5557L, 5560L, 5563L, 5566L, 5569L, 5572L, 
5575L, 5578L, 5581L, 5584L, 5587L, 5590L, 5593L, 5596L, 5599L, 
5602L, 5605L, 5608L, 5611L, 5614L, 5617L, 5620L, 5623L, 5626L, 
5629L, 5632L, 5635L, 5638L, 5641L, 5644L, 5647L, 5650L, 5653L, 
5656L, 5659L, 5662L, 5665L, 5668L, 5671L, 5674L, 5677L, 5680L, 
5683L, 5686L, 5689L, 5692L, 5695L, 5698L, 5701L, 5704L, 5707L, 
5710L, 5713L, 5716L, 5719L, 5722L, 5725L, 5728L, 5731L, 5734L, 
5737L, 5740L, 5743L, 5746L, 5749L, 5752L, 5755L, 5758L, 5761L, 
5764L, 5767L, 5770L, 5773L, 5776L, 5779L, 5782L, 5785L, 5788L, 
5791L, 5794L, 5797L, 5800L, 5803L, 5806L, 5809L, 5812L, 5815L, 
5818L, 5821L, 5824L, 5827L, 5832L, 5835L, 5838L, 5841L, 5844L, 
5847L, 5850L, 5853L, 5856L, 5859L, 5864L, 5867L, 5870L, 5873L, 
5876L, 5879L, 5882L, 5885L, 5888L, 5891L, 5894L, 5897L, 5900L, 
5903L, 5906L, 5909L, 5912L, 5915L, 5918L, 5921L, 5924L, 5929L, 
5932L, 5935L, 5938L, 5941L, 5944L, 5947L, 5950L, 5953L, 5956L, 
5959L, 5962L, 5965L, 5968L, 5971L, 5974L, 5977L, 5980L, 5983L, 
5986L, 5989L, 5992L, 5995L, 5998L, 6001L, 6004L, 6007L, 6010L, 
6013L, 6016L, 6019L, 6022L, 6025L, 6030L, 6033L, 6036L, 6039L, 
6042L, 6045L, 6048L, 6051L, 6054L, 6057L, 6060L, 6063L, 6066L, 
6069L, 6072L, 6075L, 6078L, 6083L, 6086L, 6089L, 6092L, 6095L, 
6098L, 6101L, 6104L, 6107L, 6110L, 6113L, 6116L, 6119L, 6122L, 
6125L, 6128L, 6131L, 6134L, 6137L, 6140L, 6143L, 6146L, 6149L, 
6152L, 6155L, 6158L, 6161L, 6164L, 6167L, 6170L, 6173L, 6176L, 
6179L, 6182L, 6185L, 6188L, 6191L, 6194L, 6197L, 6200L, 6203L, 
6206L, 6209L, 6212L, 6215L, 6218L, 6221L, 6224L, 6227L, 6230L, 
6233L, 6236L, 6239L, 6242L, 6245L, 6248L, 6251L, 6254L, 6257L, 
6260L, 6263L, 6266L, 6271L, 6274L, 6277L, 6280L, 6283L, 6286L, 
6289L, 6292L, 6295L, 6298L, 6301L, 6304L, 6307L, 6310L, 6313L, 
6316L, 6319L, 6322L, 6325L, 6328L, 6331L, 6334L, 6337L, 6340L, 
6343L, 6346L, 6349L, 6352L, 6355L, 6358L, 6361L, 6364L, 6367L, 
6370L, 6373L, 6376L, 6379L, 6382L, 6385L, 6388L, 6391L, 6394L, 
6397L, 6400L, 6403L, 6406L, 6409L, 6412L, 6415L, 6418L, 6421L, 
6424L, 6427L, 6430L, 6433L, 6436L, 6439L, 6442L, 6445L, 6448L, 
6451L, 6454L, 6457L, 6460L, 6463L, 6466L, 6469L, 6472L, 6475L, 
6478L, 6481L, 6484L, 6487L, 6490L, 6493L, 6496L, 6499L, 6502L, 
6505L, 6508L, 6511L, 6514L, 6517L, 6520L, 6523L, 6526L, 6529L, 
6532L, 6537L, 6540L, 6543L, 6546L, 6549L, 6552L, 6555L, 6558L, 
6561L, 6564L, 6567L, 6570L, 6573L, 6576L, 6579L, 6582L, 6585L, 
6588L, 6591L, 6594L, 6597L, 6600L, 6603L, 6606L, 6609L, 6612L, 
6615L, 6618L, 6621L, 6624L, 6627L, 6630L, 6633L, 6636L, 6639L, 
6642L, 6645L, 6648L, 6651L, 6654L, 6657L, 6660L, 6663L, 6666L, 
6669L, 6672L, 6675L, 6678L, 6681L, 6684L, 6687L, 6690L, 6693L, 
6696L, 6699L, 6702L, 6705L, 6708L, 6711L, 6714L, 6717L, 6720L, 
6723L, 6726L, 6729L, 6732L, 6735L, 6738L, 6741L, 6744L, 6747L, 
6750L, 6753L, 6756L, 6759L, 6762L, 6765L, 6770L, 6773L, 6776L, 
6779L, 6782L, 6785L, 6788L, 6791L, 6794L, 6797L, 6800L, 6803L, 
6806L, 6809L, 6812L, 6815L, 6818L, 6821L, 6824L, 6827L, 6830L, 
6833L, 6836L, 6839L, 6842L, 6845L, 6848L, 6851L, 6854L, 6857L, 
6860L, 6863L, 6866L, 6869L, 6872L, 6875L, 6880L, 6883L, 6886L, 
6889L, 6892L, 6895L, 6898L, 6901L, 6904L, 6907L, 6910L, 6913L, 
6916L, 6919L, 6922L, 6925L, 6928L, 6931L, 6934L, 6937L, 6940L, 
6943L, 6946L, 6949L, 6952L, 6955L, 6958L, 6961L, 6964L, 6967L, 
6970L, 6973L, 6976L, 6979L, 6982L, 6985L, 6988L, 6991L, 6994L, 
6997L, 7000L, 7003L, 7006L, 7009L, 7012L, 7015L, 7018L, 7021L, 
7024L, 7027L, 7030L, 7033L, 7036L, 7039L, 7042L, 7045L, 7048L, 
7051L, 7054L, 7057L, 7060L, 7063L, 7066L, 7069L, 7072L, 7075L, 
7078L, 7083L, 7086L, 7089L, 7092L, 7095L, 7100L, 7103L, 7106L, 
7109L, 7112L, 7115L, 7118L, 7121L, 7124L, 7127L, 7130L, 7133L, 
7136L, 7139L, 7142L, 7145L, 7148L, 7151L, 7154L, 7157L, 7160L, 
7163L, 7166L, 7169L, 7172L, 7175L, 7178L, 7181L, 7184L, 7187L, 
7190L, 7193L, 7196L, 7199L, 7202L, 7205L, 7208L, 7211L, 7214L, 
7217L, 7220L, 7223L, 7226L, 7229L, 7232L, 7235L, 7240L, 7243L, 
7246L, 7249L, 7252L, 7255L, 7258L, 7261L, 7264L, 7267L, 7270L, 
7273L, 7276L, 7279L, 7282L, 7285L, 7288L, 7291L, 7294L, 7297L, 
7300L, 7303L, 7306L, 7309L, 7312L, 7315L, 7318L, 7321L, 7324L, 
7327L, 7330L, 7333L, 7336L, 7339L, 7342L, 7345L, 7348L, 7351L, 
7354L, 7357L, 7360L, 7363L, 7366L, 7369L, 7372L, 7375L, 7378L, 
7381L, 7384L, 7387L, 7390L, 7393L, 7396L, 7399L, 7402L, 7405L, 
7408L, 7411L, 7414L, 7417L, 7420L, 7423L, 7426L, 7429L, 7432L, 
7435L, 7440L, 7443L, 7446L, 7449L, 7452L, 7455L, 7458L, 7461L, 
7464L, 7467L, 7470L, 7473L, 7476L, 7479L, 7482L, 7485L, 7488L, 
7491L, 7494L, 7497L, 7500L, 7503L, 7506L, 7509L, 7512L, 7515L, 
7518L, 7521L, 7524L, 7527L, 7530L, 7533L, 7536L, 7539L, 7542L, 
7545L, 7548L, 7551L, 7554L, 7557L, 7560L, 7563L, 7566L, 7569L, 
7572L, 7575L, 7578L, 7581L, 7584L, 7587L, 7590L, 7593L, 7596L, 
7599L, 7602L, 7605L, 7608L, 7611L, 7614L, 7617L, 7620L, 7623L, 
7626L, 7629L, 7632L, 7635L, 7638L, 7641L, 7644L, 7647L, 7650L, 
7653L, 7656L, 7659L, 7662L, 7665L, 7668L, 7671L, 7674L, 7677L, 
7680L, 7683L, 7686L, 7689L, 7692L, 7695L, 7698L, 7701L, 7704L, 
7707L, 7710L, 7713L, 7716L, 7719L, 7722L, 7727L, 7730L, 7733L, 
7736L, 7739L, 7742L, 7745L, 7748L, 7751L, 7754L, 7757L, 7760L, 
7763L, 7766L, 7769L, 7772L, 7775L, 7778L, 7781L, 7784L, 7787L, 
7790L, 7793L, 7796L, 7799L, 7802L, 7805L, 7808L, 7811L, 7814L, 
7817L, 7820L, 7823L, 7826L, 7829L, 7832L, 7835L, 7838L, 7841L, 
7844L, 7847L, 7850L, 7853L, 7856L, 7859L, 7862L, 7865L, 7868L, 
7871L, 7874L, 7877L, 7880L, 7883L, 7886L, 7889L, 7892L, 7895L, 
7898L, 7901L, 7904L, 7907L, 7910L, 7913L, 7916L, 7919L, 7922L, 
7925L, 7928L, 7931L, 7934L, 7937L, 7940L, 7943L, 7946L, 7949L, 
7952L, 7955L, 7958L, 7961L, 7964L, 7967L, 7970L, 7973L, 7976L, 
7979L, 7982L, 7985L, 7988L, 7991L, 7994L, 7997L, 8000L, 8003L, 
8006L, 8009L, 8012L, 8015L, 8018L, 8021L, 8024L, 8027L, 8030L, 
8033L, 8036L, 8039L, 8042L, 8045L, 8048L, 8051L, 8054L, 8057L, 
8060L, 8063L, 8066L, 8069L, 8072L, 8075L, 8078L, 8081L, 8084L, 
8087L, 8090L, 8093L, 8096L, 8099L, 8102L, 8105L, 8108L, 8111L, 
8114L, 8117L, 8120L, 8123L, 8126L, 8129L, 8132L, 8135L, 8138L, 
8141L, 8144L, 8147L, 8150L, 8153L, 8156L, 8159L, 8162L, 8165L, 
8168L, 8171L, 8174L, 8177L, 8180L, 8183L, 8186L, 8189L, 8192L, 
8195L, 8198L, 8201L, 8204L, 8207L, 8210L, 8213L, 8216L, 8219L, 
8222L, 8225L, 8228L, 8231L, 8234L, 8237L, 8240L, 8243L, 8246L, 
8249L, 8252L, 8255L, 8258L, 8261L, 8264L, 8267L, 8270L, 8273L, 
8276L, 8279L, 8282L, 8285L, 8288L, 8291L, 8294L, 8297L, 8300L, 
8303L, 8306L, 8309L, 8312L, 8315L, 8318L, 8321L, 8324L, 8327L, 
8330L, 8333L, 8336L, 8339L, 8342L, 8345L, 8348L, 8351L, 8354L, 
8357L, 8360L, 8363L, 8366L, 8369L, 8372L, 8375L, 8378L, 8381L, 
8384L, 8387L, 8390L, 8393L, 8396L, 8399L, 8402L, 8405L, 8408L, 
8411L, 8414L, 8417L, 8420L, 8423L, 8426L, 8429L, 8432L, 8435L, 
8438L, 8441L, 8444L, 8447L, 8450L, 8453L, 8456L, 8459L, 8462L, 
8465L, 8468L, 8471L, 8474L, 8477L, 8480L, 8483L, 8486L, 8491L, 
8494L, 8497L, 8500L, 8503L, 8506L, 8509L, 8512L, 8515L, 8518L, 
8521L, 8524L, 8527L, 8530L, 8533L, 8536L, 8539L, 8542L, 8545L, 
8548L, 8551L, 8554L, 8557L, 8560L, 8563L, 8566L, 8569L, 8572L, 
8575L, 8580L, 8583L, 8586L, 8589L, 8592L, 8595L, 8598L, 8601L, 
8604L, 8607L, 8610L, 8613L, 8616L, 8619L, 8622L, 8625L, 8628L, 
8631L, 8634L, 8637L, 8640L, 8643L, 8646L, 8649L, 8652L, 8655L, 
8658L, 8661L, 8664L, 8667L, 8670L, 8673L, 8676L, 8679L, 8682L, 
8685L, 8688L, 8691L, 8694L, 8697L, 8700L, 8703L, 8706L, 8709L, 
8712L, 8715L, 8718L, 8721L, 8724L, 8727L, 8730L, 8733L, 8736L, 
8739L, 8742L, 8745L, 8748L, 8751L, 8754L, 8757L, 8760L, 8763L, 
8766L, 8769L, 8772L, 8775L, 8778L, 8781L, 8784L, 8787L, 8790L, 
8793L, 8796L, 8799L, 8802L, 8805L, 8808L, 8811L, 8814L, 8817L, 
8820L, 8823L, 8826L, 8829L, 8832L, 8835L, 8838L, 8841L, 8844L, 
8847L, 8850L, 8853L, 8856L, 8859L, 8862L, 8865L, 8868L, 8871L, 
8874L, 8877L, 8880L, 8883L, 8886L, 8889L, 8892L, 8897L, 8900L, 
8903L, 8906L, 8909L, 8912L, 8915L, 8918L, 8921L, 8924L, 8927L, 
8930L, 8933L, 8936L, 8941L, 8944L, 8947L, 8950L, 8953L, 8956L, 
8959L, 8962L, 8965L, 8968L, 8971L, 8974L, 8977L, 8980L, 8983L, 
8986L, 8989L, 8992L, 8995L, 8998L, 9001L, 9004L, 9007L, 9010L, 
9013L, 9016L, 9019L, 9022L, 9025L, 9028L, 9031L, 9034L, 9037L, 
9040L, 9043L, 9046L, 9049L, 9052L, 9055L, 9060L, 9063L, 9066L, 
9069L, 9072L, 9075L, 9078L, 9081L, 9084L, 9087L, 9090L, 9093L, 
9096L, 9099L, 9102L, 9105L, 9108L, 9111L, 9114L, 9117L, 9120L, 
9123L, 9126L, 9129L, 9132L, 9135L, 9138L, 9141L, 9144L, 9147L, 
9150L, 9153L, 9156L, 9159L, 9162L, 9165L, 9168L, 9171L, 9174L, 
9177L, 9180L, 9183L, 9186L, 9189L, 9192L, 9195L, 9198L, 9201L, 
9204L, 9207L, 9210L, 9213L, 9216L, 9219L, 9222L, 9225L, 9228L, 
9231L, 9234L, 9237L, 9240L, 9243L, 9246L, 9249L, 9252L, 9255L, 
9258L, 9261L, 9264L, 9267L, 9270L, 9273L, 9276L, 9281L, 9284L, 
9287L, 9290L, 9293L, 9296L, 9299L, 9302L, 9305L, 9308L, 9311L, 
9314L, 9317L, 9320L, 9323L, 9326L, 9329L, 9332L, 9335L, 9338L, 
9341L, 9344L, 9347L, 9350L, 9353L, 9356L, 9359L, 9362L, 9365L, 
9368L, 9371L, 9374L, 9377L, 9380L, 9383L, 9386L, 9389L, 9392L, 
9395L, 9398L, 9401L, 9404L, 9407L, 9410L, 9413L, 9416L, 9419L, 
9422L, 9425L, 9428L, 9431L, 9434L, 9437L, 9440L, 9443L, 9448L, 
9451L, 9454L, 9457L, 9460L, 9463L, 9466L, 9469L, 9472L, 9475L, 
9478L, 9481L, 9484L, 9487L, 9490L, 9493L, 9496L, 9499L, 9502L, 
9505L, 9508L, 9511L, 9514L))
